0.0554735720 0.0072456681 -0.0000679651 0.0663038012  
0.0072456681 0.0327477840 0.0080297646 0.0462881028  
-0.0000679651 0.0080297646 0.0020721325 0.0094769741  
0.0663038012 0.0462881028 0.0094769741 0.1240348426  
0.0598669182 0.0006410115 -0.0103373267 0.0327107167  
0.0006410115 0.0278022554 0.0036788262 0.0402418840  
-0.0103373267 0.0036788262 0.0023364603 -0.0001953710  
0.0327107167 0.0402418840 -0.0001953710 0.0753049663  
0.0259718426 -0.0362120311 0.0004445715 0.0245209268  
-0.0362120311 0.0964994772 0.0072480752 -0.0100056804  
0.0004445715 0.0072480752 0.0013976959 0.0046120212  
0.0245209268 -0.0100056804 0.0046120212 0.0360977252  
0.0438741516 -0.0119657094 -0.0059832178 0.0422526677  
-0.0119657094 0.0553107925 0.0199239135 0.0610227874  
-0.0059832178 0.0199239135 0.0074001733 0.0199763897  
0.0422526677 0.0610227874 0.0199763897 0.1426213211  
0.0408849332 0.0066475959 0.0073595003 0.0600344000  
0.0066475959 0.0510476288 0.0091215381 0.0370020418  
0.0073595003 0.0091215381 0.0026155375 0.0151683343  
0.0600344000 0.0370020418 0.0151683343 0.1031943267  
0.0383832911 0.0165118270 -0.0029147997 0.0502084133  
0.0165118270 0.0276880983 0.0029070441 0.0512378940  
-0.0029147997 0.0029070441 0.0010942955 0.0021923549  
0.0502084133 0.0512378940 0.0021923549 0.1085301645  
0.0440531482 -0.0092476385 0.0055495826 0.0651524902  
-0.0092476385 0.0362677956 0.0092986853 0.0179867547  
0.0055495826 0.0092986853 0.0039862662 0.0180070500  
0.0651524902 0.0179867547 0.0180070500 0.1260202099  
0.0383114474 -0.0132717281 0.0009267978 0.0387250434  
-0.0132717281 0.0492099529 0.0092105252 0.0217626844  
0.0009267978 0.0092105252 0.0020989782 0.0085020585  
0.0387250434 0.0217626844 0.0085020585 0.0670863651  
0.0487030680 -0.0058933683 -0.0150748547 0.0290442249  
-0.0058933683 0.0491418850 0.0130868594 0.0818870039  
-0.0150748547 0.0130868594 0.0074147133 0.0109311685  
0.0290442249 0.0818870039 0.0109311685 0.1686011288  
0.0402967287 -0.0003622841 0.0110279605 0.0940683768  
-0.0003622841 0.0578654198 0.0329265368 0.0616690869  
0.0110279605 0.0329265368 0.0268747362 0.0668541222  
0.0940683768 0.0616690869 0.0668541222 0.2950600469  
0.0456309947 0.0080950165 0.0033938529 0.0621554138  
0.0080950165 0.0500829735 0.0110245957 0.0570454170  
0.0033938529 0.0110245957 0.0025179995 0.0145107354  
0.0621554138 0.0570454170 0.0145107354 0.1283820161  
0.0169654618 -0.0055621781 -0.0108627462 0.0111503272  
-0.0055621781 0.0293595191 0.0227137564 0.0588919294  
-0.0108627462 0.0227137564 0.0207028606 0.0368652239  
0.0111503272 0.0588919294 0.0368652239 0.1513249951  
0.0586603283 -0.0023684270 -0.0057383213 0.0487997805  
-0.0023684270 0.0554872161 0.0111383674 0.0684978691  
-0.0057383213 0.0111383674 0.0027469283 0.0091287525  
0.0487997805 0.0684978691 0.0091287525 0.1304527613  
